time,A,B,C,D
0.09,92,95,115,164
0.18,93,93,113,160
0.26,94,96,117,162
0.35,96,97,116,166
0.44,94,94,115,161
0.52,97,96,119,166
0.61,96,96,115,164
0.70,97,99,119,169
0.79,95,96,113,164
0.87,98,98,119,165
0.96,96,96,119,164
1.05,97,98,125,165
1.14,94,95,120,160
1.22,92,92,113,158
1.31,96,95,120,162
1.40,96,98,119,165
1.48,96,95,119,162
1.57,97,97,114,165
1.66,98,98,125,164
1.75,98,98,119,167
1.83,99,96,118,165
1.92,100,100,120,172
2.01,97,95,112,163
2.09,95,95,113,163
2.18,99,98,118,169
2.27,96,95,115,162
2.36,95,94,114,163
2.44,97,95,112,164
2.53,99,100,122,172
2.62,95,94,112,161
2.71,97,95,113,163
2.79,97,96,115,165
2.88,96,94,111,163
2.97,96,95,118,161
3.05,95,92,109,160
3.14,98,97,115,167
3.23,97,96,117,163
3.32,96,98,117,168
3.40,96,95,117,164
3.49,97,95,113,163
3.58,96,95,112,163
3.66,100,99,120,171
3.75,97,94,112,163
3.84,96,95,121,160
3.93,95,95,113,163
4.01,99,97,118,165
4.10,99,97,120,169
4.19,96,96,116,165
4.28,96,94,111,162
4.36,97,96,116,165
4.45,97,96,114,164
4.54,96,95,113,165
4.62,99,96,119,165
4.71,95,94,112,160
4.80,96,95,117,164
4.89,97,95,112,164
4.97,97,95,113,163
5.06,96,96,123,163
5.15,97,96,113,163
5.24,98,97,116,166
5.32,95,93,113,161
5.41,97,95,113,163
5.50,99,99,128,167
5.58,96,96,117,164
5.67,97,94,112,163
5.76,100,98,121,166
5.85,96,96,113,164
5.93,96,95,115,164
6.02,97,96,116,163
6.11,96,95,113,162
6.19,98,95,112,163
6.28,97,96,114,166
6.37,97,96,120,164
6.46,97,96,118,164
6.54,97,97,115,166
6.63,97,94,113,164
6.72,95,93,110,162
6.81,98,98,123,167
6.89,100,100,126,168
6.98,101,101,122,172
7.07,98,98,118,167
7.15,95,95,112,161
7.24,96,94,112,163
7.33,97,96,114,165
7.42,96,95,113,164
7.50,100,100,126,172
7.59,96,95,113,164
7.68,97,95,113,164
7.76,94,94,112,161
7.85,96,96,116,163
7.94,99,97,118,163
8.03,96,94,113,162
8.11,100,99,120,169
8.20,94,93,110,160
8.29,96,95,117,165
8.38,97,95,112,163
8.46,97,95,112,163
8.55,98,95,113,163
8.64,94,93,110,160
8.72,98,95,115,166
8.81,101,99,127,168
8.90,99,99,120,170
8.99,96,95,115,160
9.07,96,95,112,163
9.16,97,96,125,163
9.25,97,96,118,167
9.33,97,96,122,162
9.42,98,97,113,165
9.51,99,99,123,169
9.60,95,93,118,160
9.68,95,94,111,163
9.77,99,98,126,163
9.86,101,100,124,170
9.95,97,94,112,162
10.03,98,96,116,164
10.12,98,98,121,167
10.21,95,93,111,161
10.29,95,94,111,161
10.38,97,97,118,164
10.47,96,93,112,163
10.56,97,95,116,163
10.64,96,95,117,161
10.73,98,96,118,165
10.82,98,96,117,164
10.90,98,95,112,164
10.99,97,95,113,164
11.08,97,95,111,163
11.17,97,96,115,165
11.25,98,96,115,166
11.34,98,95,118,164
11.43,97,95,116,162
11.52,97,95,117,164
11.60,98,98,118,168
11.69,98,96,112,163
11.78,94,92,111,158
11.86,96,94,112,162
11.95,97,95,112,163
12.04,98,97,120,165
12.13,97,94,112,162
12.21,98,96,118,163
12.30,100,100,123,169
12.39,97,95,113,162
12.47,96,95,112,162
12.56,95,93,112,159
12.65,97,95,118,165
12.74,96,95,119,161
12.82,97,96,119,162
12.91,99,98,121,167
13.00,97,95,116,162
13.09,96,95,112,164
13.17,98,97,119,165
13.26,97,96,117,164
13.35,98,98,120,167
13.43,97,95,116,162
13.52,96,95,119,163
13.61,97,95,118,164
13.70,97,97,117,167
13.78,97,95,117,163
13.87,99,95,116,166
13.96,98,95,112,163
14.04,96,94,113,160
14.13,96,95,112,163
14.22,97,96,114,165
14.31,99,97,125,165
14.39,96,94,115,160
14.48,96,95,113,164
14.57,96,96,118,165
14.66,95,93,116,160
14.74,97,94,112,162
14.83,93,92,111,157
14.92,97,97,121,160
15.00,98,95,114,163
15.09,100,98,119,168
15.18,95,93,115,156
15.27,97,96,115,167
15.35,100,99,126,170
15.44,96,96,118,163
15.53,96,95,114,163
15.62,101,101,127,169
15.70,95,94,113,161
15.79,100,100,126,171
15.88,96,95,113,163
15.96,96,94,116,160
16.05,98,97,117,170
16.14,96,93,111,161
16.23,98,95,115,162
16.31,96,93,111,161
16.40,96,94,113,163
16.49,97,96,117,166
16.57,97,97,117,166
16.66,97,96,117,165
16.75,95,94,110,160
16.84,97,96,120,163
16.92,97,95,113,164
17.01,96,94,121,162
17.10,96,95,118,161
17.19,96,96,116,164
17.27,97,96,118,162
17.36,97,95,112,164
17.45,98,96,120,165
17.53,96,95,113,165
17.62,97,95,117,163
17.71,95,95,116,164
17.80,116,115,137,185
17.88,113,111,124,183
17.97,114,113,130,185
18.06,97,96,113,163
18.14,98,96,118,164
18.23,97,95,114,163
18.32,116,114,125,186
18.41,111,111,124,179
18.49,97,95,114,163
18.58,108,108,121,178
18.67,97,94,114,161
18.76,102,100,123,171
18.84,97,94,116,163
18.93,116,115,131,187
19.02,94,92,112,156
19.10,98,97,115,166
19.19,100,98,122,168
19.28,99,95,113,164
19.37,98,97,120,166
19.45,97,96,118,163
19.54,98,95,113,163
19.63,101,100,121,171
19.71,98,96,115,166
19.80,99,96,119,166
19.89,112,110,123,180
19.98,99,98,121,167
20.06,98,96,122,160
20.15,99,97,120,164
20.24,98,97,119,165
20.33,98,95,113,161
20.41,99,96,115,164
20.50,100,98,124,166
20.59,99,96,118,164
20.67,99,96,118,164
20.76,95,94,111,160
20.85,99,94,113,164
20.94,95,93,110,161
21.02,99,95,117,164
21.11,100,97,118,167
21.20,101,100,126,170
21.28,102,97,117,171
21.37,97,96,116,163
21.46,100,97,119,165
21.55,99,95,116,164
21.63,116,114,129,183
21.72,114,111,124,181
21.81,107,103,124,173
21.90,114,112,125,181
21.98,117,114,130,184
22.07,112,109,122,180
22.16,117,115,135,187
22.24,121,116,135,189
22.33,118,114,131,186
22.42,117,114,129,186
22.51,116,110,127,181
22.59,116,113,129,185
22.68,115,111,124,181
22.77,115,110,127,181
22.85,118,114,134,188
22.94,99,96,118,165
23.03,100,94,114,164
23.12,101,98,120,169
23.20,99,94,121,163
23.29,99,96,117,165
23.38,99,95,116,165
23.47,104,100,127,170
23.55,107,102,121,173
23.64,104,101,123,174
23.73,103,100,122,171
23.81,102,97,120,167
23.90,100,95,113,163
23.99,100,95,119,165
24.08,99,95,112,164
24.16,100,94,114,162
24.25,102,97,119,168
24.34,99,95,113,164
24.42,102,96,120,168
24.51,100,94,111,163
24.60,102,96,118,166
24.69,103,96,117,165
24.77,103,97,120,166
24.86,102,96,116,165
24.95,99,92,110,158
25.04,97,92,110,160
25.12,102,96,117,163
25.21,101,93,120,161
25.30,101,96,115,167
25.38,102,95,118,165
25.47,102,95,118,164
25.56,102,94,115,163
25.65,104,93,116,159
25.73,104,97,121,165
25.82,104,96,117,165
25.91,105,96,118,166
26.00,103,94,115,162
26.08,104,96,118,166
26.17,104,94,114,162
26.26,106,95,115,165
26.34,108,98,123,168
26.43,107,97,121,166
26.52,106,96,119,164
26.61,106,96,120,164
26.69,105,94,114,162
26.78,106,95,114,165
26.87,107,94,120,159
26.95,109,96,115,165
27.04,110,97,122,166
27.13,109,95,114,165
27.22,108,96,115,166
27.30,110,96,123,164
27.39,110,95,114,164
27.48,111,96,113,162
27.57,110,95,114,163
27.65,114,96,122,165
27.74,113,98,122,170
27.83,115,97,122,167
27.91,135,118,136,193
28.00,115,97,122,166
28.09,117,98,120,169
28.18,117,98,123,167
28.26,116,95,115,165
28.35,117,95,118,162
28.44,119,97,121,167
28.52,121,98,124,166
28.61,118,94,118,160
28.70,120,97,122,165
28.79,125,101,127,174
28.87,124,97,118,168
28.96,125,96,119,165
29.05,126,97,122,166
29.14,127,97,121,165
29.22,126,95,119,162
29.31,129,94,118,163
29.40,128,96,117,165
29.48,135,98,124,167
29.57,135,99,129,166
29.66,136,99,123,171
29.75,140,97,124,165
29.83,145,100,130,170
29.92,145,98,131,164
30.01,141,96,120,163
30.09,143,96,119,164
30.18,149,103,130,175
30.27,146,98,119,166
30.36,156,103,136,173
30.44,155,101,126,169
30.53,152,97,119,164
30.62,159,101,134,168
30.71,159,99,130,167
30.79,166,98,123,164
30.88,168,101,126,169
30.97,169,99,123,166
31.05,174,98,126,164
31.14,180,105,133,175
31.23,181,100,128,166
31.32,180,99,128,167
31.40,184,105,133,176
31.49,187,97,124,165
31.58,197,103,131,170
31.66,200,100,125,167
31.75,199,99,132,164
31.84,209,102,132,166
31.93,217,105,141,171
32.01,214,102,131,168
32.10,219,99,134,162
32.19,223,104,138,170
32.28,225,102,129,167
32.36,239,103,130,167
32.45,234,103,130,166
32.54,250,104,131,167
32.62,257,102,131,162
32.71,255,103,131,164
32.80,260,108,136,169
32.89,267,105,133,167
32.97,282,110,140,169
33.06,296,108,141,165
33.15,302,115,142,172
33.23,303,112,142,170
33.32,308,110,139,166
33.41,315,113,141,169
33.50,340,118,148,171
33.58,344,117,149,170
33.67,355,120,150,172
33.76,361,121,150,173
33.85,371,121,147,171
33.93,375,126,153,176
34.02,405,121,150,164
34.11,400,123,142,167
34.19,411,126,145,169
34.28,445,133,154,172
34.37,436,128,148,166
34.46,462,129,147,161
34.54,482,134,144,166
34.63,493,136,154,164
34.72,510,143,148,171
34.80,502,138,146,166
34.89,512,143,158,173
34.98,591,150,155,165
35.07,601,157,154,173
35.15,590,152,158,172
35.24,589,156,165,176
35.33,629,159,158,170
35.42,613,156,158,170
35.50,645,161,158,173
35.59,685,167,158,172
35.68,680,166,159,169
35.76,676,165,153,168
35.85,721,174,163,170
35.94,751,171,158,163
36.03,787,184,159,170
36.11,761,181,172,176
36.20,823,185,168,167
36.29,835,188,165,169
36.38,836,192,166,175
36.46,827,189,164,172
36.55,853,192,163,170
36.64,869,194,166,171
36.72,871,198,175,175
36.81,865,189,177,166
36.90,876,202,178,178
36.99,876,195,174,171
37.07,877,200,177,177
37.16,877,195,176,170
37.25,878,202,185,182
37.33,876,195,173,172
37.42,877,194,172,169
37.51,877,195,172,170
37.60,877,194,172,171
37.68,880,198,178,175
37.77,879,196,180,172
37.86,880,201,184,176
37.95,880,194,182,169
38.03,880,196,186,174
38.12,880,198,192,175
38.21,880,197,202,177
38.29,880,197,201,175
38.38,880,194,203,172
38.47,881,196,202,174
38.56,881,201,203,180
38.64,881,197,201,175
38.73,881,198,209,179
38.82,882,198,209,178
38.90,882,197,207,175
38.99,881,196,208,174
39.08,882,198,206,178
39.17,882,196,205,175
39.25,882,196,212,174
39.34,883,195,212,174
39.43,882,198,212,178
39.52,883,198,209,179
39.60,882,195,207,174
39.69,882,197,210,176
39.78,882,199,215,180
39.86,882,196,215,175
39.95,882,200,216,179
40.04,882,196,215,176
40.13,882,198,213,177
40.21,882,197,214,177
40.30,882,198,219,179
40.39,882,199,222,179
40.47,882,200,217,178
40.56,882,203,218,183
40.65,882,199,215,179
40.74,881,199,222,181
40.82,882,197,220,177
40.91,882,197,215,175
41.00,882,195,218,174
41.09,882,198,223,178
41.17,882,196,222,177
41.26,881,198,228,177
41.35,881,198,229,179
41.43,881,194,228,172
41.52,882,198,225,177
41.61,882,198,225,179
41.70,881,200,227,180
41.78,881,195,232,176
41.87,881,198,229,178
41.96,881,201,230,182
42.04,881,200,227,181
42.13,888,216,241,203
42.22,881,200,238,185
42.31,881,207,246,180
42.39,888,220,263,200
