time,A,B,C,D,OD_A,OD_B,OD_C,OD_D
0.01,30.00,87.00,113.00,158.00,0.06,0.17,0.22,0.31
0.10,34.00,83.00,110.00,153.00,0.07,0.16,0.21,0.30
0.19,33.00,84.00,108.00,154.00,0.06,0.16,0.21,0.30
0.27,38.00,85.00,115.00,154.00,0.07,0.17,0.22,0.30
0.36,31.00,86.00,111.00,156.00,0.06,0.17,0.22,0.30
0.45,26.00,82.00,107.00,153.00,0.05,0.16,0.21,0.30
0.54,29.00,83.00,109.00,152.00,0.06,0.16,0.21,0.30
0.62,36.00,85.00,108.00,153.00,0.07,0.17,0.21,0.30
0.71,28.00,84.00,109.00,153.00,0.05,0.16,0.21,0.30
0.80,34.00,83.00,104.00,151.00,0.07,0.16,0.20,0.29
0.89,40.00,84.00,104.00,153.00,0.08,0.16,0.20,0.30
0.97,34.00,84.00,104.00,153.00,0.07,0.16,0.20,0.30
1.06,86.00,84.00,106.00,152.00,0.17,0.16,0.21,0.30
1.15,87.00,84.00,112.00,152.00,0.17,0.16,0.22,0.30
1.24,39.00,84.00,108.00,152.00,0.08,0.16,0.21,0.30
1.32,46.00,87.00,111.00,156.00,0.09,0.17,0.22,0.30
1.41,37.00,84.00,106.00,152.00,0.07,0.16,0.21,0.30
1.50,40.00,84.00,104.00,152.00,0.08,0.16,0.20,0.30
1.59,43.00,82.00,109.00,150.00,0.08,0.16,0.21,0.29
1.67,42.00,84.00,104.00,153.00,0.08,0.16,0.20,0.30
1.76,84.00,82.00,108.00,150.00,0.16,0.16,0.21,0.29
1.85,91.00,86.00,109.00,156.00,0.18,0.17,0.21,0.30
1.94,87.00,83.00,104.00,152.00,0.17,0.16,0.20,0.30
2.02,90.00,84.00,105.00,153.00,0.18,0.16,0.20,0.30
2.11,37.00,84.00,108.00,152.00,0.07,0.16,0.21,0.30
2.20,37.00,83.00,108.00,153.00,0.07,0.16,0.21,0.30
2.29,39.00,82.00,103.00,151.00,0.08,0.16,0.20,0.29
2.37,86.00,84.00,108.00,152.00,0.17,0.16,0.21,0.30
2.46,89.00,84.00,107.00,153.00,0.17,0.16,0.21,0.30
2.55,36.00,83.00,106.00,152.00,0.07,0.16,0.21,0.30
2.64,37.00,85.00,106.00,153.00,0.07,0.17,0.21,0.30
2.72,34.00,82.00,107.00,149.00,0.07,0.16,0.21,0.29
2.81,36.00,82.00,110.00,151.00,0.07,0.16,0.21,0.29
2.90,33.00,85.00,109.00,153.00,0.06,0.17,0.21,0.30
2.99,38.00,84.00,106.00,154.00,0.07,0.16,0.21,0.30
3.07,40.00,84.00,105.00,153.00,0.08,0.16,0.20,0.30
3.16,38.00,83.00,106.00,152.00,0.07,0.16,0.21,0.30
3.25,37.00,84.00,106.00,154.00,0.07,0.16,0.21,0.30
3.34,46.00,89.00,109.00,158.00,0.09,0.17,0.21,0.31
3.42,42.00,85.00,108.00,153.00,0.08,0.17,0.21,0.30
3.51,38.00,84.00,107.00,153.00,0.07,0.16,0.21,0.30
3.60,40.00,85.00,109.00,153.00,0.08,0.17,0.21,0.30
3.69,42.00,89.00,111.00,157.00,0.08,0.17,0.22,0.31
3.77,42.00,85.00,107.00,153.00,0.08,0.17,0.21,0.30
3.86,39.00,85.00,108.00,154.00,0.08,0.17,0.21,0.30
3.95,41.00,85.00,109.00,153.00,0.08,0.17,0.21,0.30
4.04,105.00,91.00,115.00,159.00,0.20,0.18,0.22,0.31
4.12,42.00,85.00,109.00,153.00,0.08,0.17,0.21,0.30
4.21,39.00,85.00,107.00,153.00,0.08,0.17,0.21,0.30
4.30,45.00,86.00,106.00,153.00,0.09,0.17,0.21,0.30
4.39,38.00,85.00,113.00,152.00,0.07,0.17,0.22,0.30
4.47,42.00,88.00,111.00,156.00,0.08,0.17,0.22,0.30
4.56,94.00,88.00,114.00,155.00,0.18,0.17,0.22,0.30
4.65,91.00,87.00,111.00,155.00,0.18,0.17,0.22,0.30
4.74,93.00,88.00,109.00,156.00,0.18,0.17,0.21,0.30
4.82,93.00,91.00,115.00,157.00,0.18,0.18,0.22,0.31
4.91,47.00,92.00,115.00,158.00,0.09,0.18,0.22,0.31
5.00,56.00,93.00,115.00,158.00,0.11,0.18,0.22,0.31
5.09,52.00,95.00,120.00,160.00,0.10,0.19,0.23,0.31
5.17,57.00,98.00,122.00,161.00,0.11,0.19,0.24,0.31
5.26,54.00,99.00,126.00,162.00,0.11,0.19,0.25,0.32
5.35,60.00,105.00,131.00,165.00,0.12,0.20,0.26,0.32
5.44,72.00,109.00,137.00,168.00,0.14,0.21,0.27,0.33
5.52,80.00,115.00,147.00,173.00,0.16,0.22,0.29,0.34
5.61,102.00,130.00,161.00,179.00,0.20,0.25,0.31,0.35
5.70,102.00,136.00,173.00,184.00,0.20,0.27,0.34,0.36
5.79,163.00,149.00,195.00,192.00,0.32,0.29,0.38,0.37
5.87,179.00,166.00,222.00,200.00,0.35,0.32,0.43,0.39
5.96,201.00,192.00,257.00,213.00,0.39,0.37,0.50,0.42
6.05,176.00,215.00,296.00,228.00,0.34,0.42,0.58,0.44
6.14,202.00,256.00,330.00,244.00,0.39,0.50,0.64,0.48
6.22,262.00,272.00,359.00,261.00,0.51,0.53,0.70,0.51
6.31,220.00,296.00,421.00,281.00,0.43,0.58,0.82,0.55
6.40,216.00,339.00,497.00,305.00,0.42,0.66,0.97,0.59
6.49,350.00,409.00,567.00,333.00,0.68,0.80,1.11,0.65
6.57,382.00,471.00,635.00,358.00,0.74,0.92,1.24,0.70
6.66,420.00,532.00,710.00,387.00,0.82,1.04,1.38,0.75
6.75,461.00,600.00,784.00,419.00,0.90,1.17,1.53,0.82
6.84,460.00,655.00,865.00,455.00,0.90,1.28,1.69,0.89
6.92,437.00,696.00,875.00,499.00,0.85,1.36,1.71,0.97
7.01,470.00,749.00,879.00,531.00,0.92,1.46,1.71,1.04
7.10,493.00,798.00,880.00,556.00,0.96,1.56,1.72,1.08
7.19,400.00,799.00,880.00,579.00,0.78,1.56,1.72,1.13
7.27,172.00,806.00,880.00,633.00,0.34,1.57,1.72,1.23
7.36,182.00,779.00,881.00,688.00,0.35,1.52,1.72,1.34
7.45,191.00,788.00,880.00,713.00,0.37,1.54,1.72,1.39
7.54,206.00,789.00,880.00,763.00,0.40,1.54,1.72,1.49
7.62,217.00,757.00,879.00,801.00,0.42,1.48,1.71,1.56
7.71,226.00,742.00,878.00,832.00,0.44,1.45,1.71,1.62
7.80,227.00,711.00,876.00,853.00,0.44,1.39,1.71,1.66
7.89,230.00,678.00,872.00,857.00,0.45,1.32,1.70,1.67
7.97,235.00,654.00,869.00,865.00,0.46,1.28,1.69,1.69
8.06,231.00,642.00,866.00,868.00,0.45,1.25,1.69,1.69
8.15,228.00,610.00,847.00,864.00,0.44,1.19,1.65,1.68
8.24,228.00,595.00,832.00,859.00,0.44,1.16,1.62,1.68
8.32,231.00,580.00,820.00,861.00,0.45,1.13,1.60,1.68
8.41,227.00,570.00,805.00,864.00,0.44,1.11,1.57,1.68
8.50,233.00,555.00,791.00,867.00,0.45,1.08,1.54,1.69
8.59,235.00,542.00,778.00,855.00,0.46,1.06,1.52,1.67
8.67,226.00,527.00,763.00,861.00,0.44,1.03,1.49,1.68
8.76,225.00,514.00,750.00,839.00,0.44,1.00,1.46,1.64
8.85,226.00,507.00,737.00,824.00,0.44,0.99,1.44,1.61
8.94,225.00,493.00,726.00,834.00,0.44,0.96,1.42,1.63
9.02,217.00,480.00,711.00,806.00,0.42,0.94,1.39,1.57
9.11,222.00,470.00,698.00,820.00,0.43,0.92,1.36,1.60
9.20,218.00,459.00,684.00,821.00,0.43,0.90,1.33,1.60
9.29,216.00,450.00,675.00,822.00,0.42,0.88,1.32,1.60
9.37,225.00,450.00,671.00,830.00,0.44,0.88,1.31,1.62
9.46,217.00,434.00,652.00,826.00,0.42,0.85,1.27,1.61
9.55,221.00,424.00,640.00,823.00,0.43,0.83,1.25,1.60
9.64,213.00,415.00,630.00,790.00,0.42,0.81,1.23,1.54
9.72,220.00,408.00,618.00,805.00,0.43,0.80,1.21,1.57
9.81,216.00,403.00,611.00,810.00,0.42,0.79,1.19,1.58
9.90,205.00,397.00,602.00,773.00,0.40,0.77,1.17,1.51
9.99,212.00,388.00,593.00,784.00,0.41,0.76,1.16,1.53
10.07,200.00,381.00,584.00,747.00,0.39,0.74,1.14,1.46
10.16,195.00,374.00,577.00,731.00,0.38,0.73,1.13,1.43
10.25,188.00,369.00,570.00,711.00,0.37,0.72,1.11,1.39
10.34,200.00,365.00,563.00,743.00,0.39,0.71,1.10,1.45
10.42,185.00,360.00,555.00,697.00,0.36,0.70,1.08,1.36
10.51,193.00,353.00,545.00,722.00,0.38,0.69,1.06,1.41
10.60,198.00,350.00,539.00,733.00,0.39,0.68,1.05,1.43
10.69,184.00,343.00,530.00,679.00,0.36,0.67,1.03,1.32
10.77,189.00,341.00,526.00,707.00,0.37,0.66,1.03,1.38
10.86,196.00,341.00,521.00,718.00,0.38,0.66,1.02,1.40
10.95,189.00,335.00,514.00,717.00,0.37,0.65,1.00,1.40
11.04,193.00,329.00,508.00,717.00,0.38,0.64,0.99,1.40
11.12,181.00,322.00,502.00,666.00,0.35,0.63,0.98,1.30
11.21,185.00,319.00,497.00,688.00,0.36,0.62,0.97,1.34
11.30,175.00,318.00,494.00,649.00,0.34,0.62,0.96,1.27
11.39,185.00,314.00,488.00,675.00,0.36,0.61,0.95,1.32
11.47,172.00,312.00,483.00,632.00,0.34,0.61,0.94,1.23
11.56,163.00,309.00,478.00,617.00,0.32,0.60,0.93,1.20
11.65,159.00,308.00,476.00,601.00,0.31,0.60,0.93,1.17
11.74,173.00,308.00,468.00,637.00,0.34,0.60,0.91,1.24
11.82,165.00,305.00,460.00,591.00,0.32,0.59,0.90,1.15
11.91,157.00,305.00,456.00,577.00,0.31,0.59,0.89,1.13
12.00,155.00,303.00,450.00,563.00,0.30,0.59,0.88,1.10
12.09,156.00,302.00,445.00,592.00,0.30,0.59,0.87,1.15
12.17,162.00,302.00,444.00,597.00,0.32,0.59,0.87,1.16
12.26,161.00,301.00,442.00,603.00,0.31,0.59,0.86,1.18
12.35,165.00,301.00,441.00,604.00,0.32,0.59,0.86,1.18
12.44,166.00,298.00,438.00,596.00,0.32,0.58,0.85,1.16
12.52,158.00,300.00,437.00,598.00,0.31,0.58,0.85,1.17
12.61,157.00,297.00,436.00,597.00,0.31,0.58,0.85,1.16
12.70,156.00,297.00,434.00,593.00,0.30,0.58,0.85,1.16
12.79,162.00,295.00,433.00,596.00,0.32,0.58,0.84,1.16
12.87,160.00,293.00,430.00,591.00,0.31,0.57,0.84,1.15
12.96,159.00,294.00,430.00,590.00,0.31,0.57,0.84,1.15
13.05,149.00,295.00,430.00,559.00,0.29,0.58,0.84,1.09
13.14,159.00,292.00,428.00,587.00,0.31,0.57,0.83,1.14
13.22,150.00,291.00,427.00,546.00,0.29,0.57,0.83,1.06
13.31,141.00,290.00,426.00,534.00,0.27,0.57,0.83,1.04
13.40,152.00,288.00,425.00,563.00,0.30,0.56,0.83,1.10
13.49,154.00,290.00,423.00,567.00,0.30,0.57,0.82,1.11
13.57,143.00,288.00,423.00,528.00,0.28,0.56,0.82,1.03
13.66,149.00,290.00,424.00,553.00,0.29,0.57,0.83,1.08
13.75,148.00,287.00,421.00,558.00,0.29,0.56,0.82,1.09
13.84,140.00,287.00,419.00,516.00,0.27,0.56,0.82,1.01
13.92,138.00,286.00,420.00,507.00,0.27,0.56,0.82,0.99
14.01,132.00,286.00,419.00,496.00,0.26,0.56,0.82,0.97
14.10,129.00,285.00,418.00,486.00,0.25,0.56,0.82,0.95
14.19,126.00,285.00,417.00,479.00,0.25,0.56,0.81,0.93
14.27,125.00,284.00,417.00,471.00,0.24,0.55,0.81,0.92
14.36,135.00,284.00,416.00,496.00,0.26,0.55,0.81,0.97
14.45,125.00,283.00,415.00,462.00,0.24,0.55,0.81,0.90
14.54,123.00,284.00,414.00,457.00,0.24,0.55,0.81,0.89
14.62,123.00,283.00,413.00,451.00,0.24,0.55,0.81,0.88
14.71,124.00,284.00,412.00,475.00,0.24,0.55,0.80,0.93
14.80,130.00,283.00,413.00,478.00,0.25,0.55,0.81,0.93
14.89,130.00,284.00,413.00,481.00,0.25,0.55,0.81,0.94
14.97,129.00,283.00,413.00,481.00,0.25,0.55,0.81,0.94
15.06,130.00,281.00,411.00,478.00,0.25,0.55,0.80,0.93
15.15,130.00,279.00,410.00,478.00,0.25,0.54,0.80,0.93
15.24,121.00,280.00,410.00,449.00,0.24,0.55,0.80,0.88
15.32,127.00,280.00,410.00,471.00,0.25,0.55,0.80,0.92
15.41,128.00,280.00,410.00,471.00,0.25,0.55,0.80,0.92
15.50,118.00,280.00,409.00,443.00,0.23,0.55,0.80,0.86
15.59,129.00,280.00,410.00,465.00,0.25,0.55,0.80,0.91
15.67,125.00,281.00,408.00,465.00,0.24,0.55,0.80,0.91
15.76,123.00,281.00,406.00,466.00,0.24,0.55,0.79,0.91
15.85,125.00,283.00,407.00,468.00,0.24,0.55,0.79,0.91
15.94,123.00,281.00,407.00,463.00,0.24,0.55,0.79,0.90
16.02,121.00,283.00,406.00,464.00,0.24,0.55,0.79,0.90
16.11,124.00,282.00,406.00,464.00,0.24,0.55,0.79,0.90
16.20,128.00,282.00,406.00,462.00,0.25,0.55,0.79,0.90
16.29,123.00,284.00,408.00,461.00,0.24,0.55,0.80,0.90
16.37,120.00,285.00,406.00,440.00,0.23,0.56,0.79,0.86
16.46,121.00,284.00,406.00,459.00,0.24,0.55,0.79,0.90
16.55,118.00,284.00,405.00,434.00,0.23,0.55,0.79,0.85
16.64,119.00,285.00,405.00,429.00,0.23,0.56,0.79,0.84
16.72,112.00,286.00,405.00,423.00,0.22,0.56,0.79,0.82
16.81,110.00,285.00,406.00,416.00,0.21,0.56,0.79,0.81
16.90,107.00,284.00,405.00,405.00,0.21,0.55,0.79,0.79
16.99,108.00,285.00,406.00,402.00,0.21,0.56,0.79,0.78
17.07,113.00,284.00,404.00,422.00,0.22,0.55,0.79,0.82
17.16,113.00,286.00,405.00,424.00,0.22,0.56,0.79,0.83
17.25,113.00,285.00,404.00,426.00,0.22,0.56,0.79,0.83
17.34,108.00,286.00,404.00,402.00,0.21,0.56,0.79,0.78
17.42,112.00,285.00,403.00,418.00,0.22,0.56,0.79,0.82
17.51,102.00,287.00,401.00,395.00,0.20,0.56,0.78,0.77
17.60,107.00,287.00,403.00,392.00,0.21,0.56,0.79,0.76
17.69,114.00,286.00,402.00,410.00,0.22,0.56,0.78,0.80
17.77,110.00,288.00,405.00,417.00,0.21,0.56,0.79,0.81
17.86,101.00,284.00,404.00,390.00,0.20,0.55,0.79,0.76
17.95,101.00,288.00,405.00,387.00,0.20,0.56,0.79,0.75
18.04,102.00,288.00,407.00,385.00,0.20,0.56,0.79,0.75
18.12,110.00,287.00,406.00,401.00,0.21,0.56,0.79,0.78
18.21,103.00,287.00,405.00,382.00,0.20,0.56,0.79,0.74
18.30,108.00,288.00,406.00,400.00,0.21,0.56,0.79,0.78
18.39,109.00,288.00,407.00,403.00,0.21,0.56,0.79,0.79
18.47,107.00,287.00,408.00,406.00,0.21,0.56,0.80,0.79
18.56,110.00,288.00,409.00,406.00,0.21,0.56,0.80,0.79
18.65,110.00,287.00,409.00,404.00,0.21,0.56,0.80,0.79
18.74,101.00,288.00,409.00,384.00,0.20,0.56,0.80,0.75
18.82,101.00,288.00,409.00,380.00,0.20,0.56,0.80,0.74
18.91,105.00,288.00,409.00,395.00,0.20,0.56,0.80,0.77
19.00,103.00,290.00,411.00,400.00,0.20,0.57,0.80,0.78
19.09,104.00,288.00,410.00,400.00,0.20,0.56,0.80,0.78
19.17,101.00,287.00,410.00,378.00,0.20,0.56,0.80,0.74
19.26,102.00,288.00,410.00,390.00,0.20,0.56,0.80,0.76
19.35,108.00,290.00,411.00,395.00,0.21,0.57,0.80,0.77
19.44,102.00,289.00,412.00,377.00,0.20,0.56,0.80,0.74
19.52,105.00,289.00,413.00,389.00,0.20,0.56,0.81,0.76
19.61,102.00,288.00,411.00,375.00,0.20,0.56,0.80,0.73
19.70,105.00,290.00,414.00,388.00,0.20,0.57,0.81,0.76
19.79,100.00,290.00,414.00,377.00,0.19,0.57,0.81,0.74
19.87,98.00,289.00,413.00,375.00,0.19,0.56,0.81,0.73
19.96,103.00,290.00,412.00,385.00,0.20,0.57,0.80,0.75
20.05,103.00,289.00,413.00,388.00,0.20,0.56,0.81,0.76
20.14,100.00,290.00,414.00,376.00,0.19,0.57,0.81,0.73
20.22,100.00,293.00,415.00,376.00,0.19,0.57,0.81,0.73
20.31,102.00,289.00,414.00,383.00,0.20,0.56,0.81,0.75
20.40,101.00,291.00,414.00,387.00,0.20,0.57,0.81,0.75
20.49,105.00,291.00,415.00,389.00,0.20,0.57,0.81,0.76
20.57,99.00,291.00,414.00,387.00,0.19,0.57,0.81,0.75
20.66,96.00,292.00,415.00,376.00,0.19,0.57,0.81,0.73
20.75,99.00,292.00,415.00,375.00,0.19,0.57,0.81,0.73
20.84,99.00,291.00,415.00,376.00,0.19,0.57,0.81,0.73
20.92,104.00,291.00,413.00,383.00,0.20,0.57,0.81,0.75
21.01,107.00,293.00,415.00,386.00,0.21,0.57,0.81,0.75
21.10,106.00,294.00,414.00,387.00,0.21,0.57,0.81,0.75
21.19,98.00,294.00,416.00,377.00,0.19,0.57,0.81,0.74
21.27,102.00,295.00,416.00,384.00,0.20,0.58,0.81,0.75
21.36,106.00,294.00,414.00,386.00,0.21,0.57,0.81,0.75
21.45,103.00,294.00,415.00,384.00,0.20,0.57,0.81,0.75
21.54,102.00,296.00,413.00,385.00,0.20,0.58,0.81,0.75