time,A,B,C,D
0.01,0.14,0.12,0.19,0.22
0.10,0.09,0.11,0.17,0.20
0.19,0.08,0.11,0.17,0.20
0.28,0.13,0.11,0.17,0.20
0.36,0.13,0.11,0.17,0.20
0.45,0.15,0.12,0.19,0.22
0.54,0.13,0.11,0.17,0.20
0.63,0.08,0.11,0.17,0.20
0.71,0.13,0.11,0.17,0.20
0.80,0.13,0.11,0.17,0.20
0.89,0.13,0.11,0.16,0.20
0.98,0.13,0.11,0.17,0.20
1.06,0.09,0.11,0.16,0.20
1.15,0.11,0.11,0.17,0.20
1.24,0.14,0.11,0.17,0.20
1.33,0.10,0.10,0.13,0.16
1.41,0.13,0.11,0.13,0.16
1.50,0.10,0.10,0.12,0.16
1.59,0.16,0.10,0.12,0.16
1.68,0.11,0.10,0.13,0.16
1.76,0.13,0.11,0.12,0.16
1.85,0.13,0.10,0.13,0.16
1.94,0.13,0.09,0.13,0.16
2.03,0.16,0.11,0.13,0.16
2.11,0.18,0.11,0.13,0.16
2.20,0.20,0.10,0.12,0.16
2.29,0.26,0.10,0.13,0.15
2.38,0.24,0.11,0.14,0.16
2.46,0.32,0.11,0.13,0.16
2.55,0.29,0.11,0.13,0.16
2.64,0.36,0.13,0.13,0.16
2.73,0.38,0.13,0.13,0.16
2.81,0.44,0.13,0.13,0.16
2.90,0.47,0.14,0.13,0.16
2.99,0.53,0.15,0.13,0.16
3.08,0.63,0.16,0.13,0.16
3.16,0.67,0.17,0.13,0.16
3.25,0.78,0.18,0.13,0.16
3.34,0.82,0.18,0.13,0.16
3.43,0.79,0.19,0.13,0.16
3.51,0.74,0.18,0.13,0.16
3.60,0.79,0.19,0.13,0.16
3.69,0.80,0.19,0.13,0.16
3.78,0.69,0.17,0.13,0.16
3.86,0.85,0.19,0.13,0.16
3.95,0.79,0.19,0.14,0.16
4.04,0.76,0.18,0.13,0.16
4.13,0.16,0.11,0.13,0.16
4.21,0.65,0.16,0.13,0.16
4.30,0.50,0.15,0.13,0.15
4.39,0.76,0.19,0.13,0.16
4.48,0.67,0.18,0.13,0.16
4.56,0.68,0.17,0.13,0.16
4.65,0.61,0.17,0.13,0.16
4.74,0.20,0.12,0.13,0.16
4.83,0.55,0.16,0.14,0.16
4.91,0.57,0.17,0.13,0.16
5.00,0.60,0.17,0.13,0.16
5.09,0.57,0.17,0.13,0.16
5.18,0.58,0.17,0.13,0.16
5.26,0.58,0.17,0.14,0.16
5.35,0.56,0.17,0.14,0.16
5.44,0.61,0.18,0.13,0.16
5.53,0.63,0.19,0.14,0.16
5.61,0.64,0.19,0.14,0.16
5.70,0.08,0.16,0.15,0.16
5.79,0.65,0.20,0.14,0.16
5.88,0.65,0.21,0.14,0.16
5.96,0.55,0.21,0.14,0.16
6.05,0.63,0.22,0.14,0.16
6.14,0.47,0.20,0.15,0.16
6.23,0.59,0.23,0.15,0.16
6.31,0.58,0.23,0.15,0.16
6.40,0.57,0.24,0.15,0.16
6.49,0.49,0.27,0.16,0.16
6.58,0.46,0.28,0.15,0.16
6.66,0.54,0.29,0.16,0.16
6.75,0.53,0.32,0.16,0.16
6.84,0.51,0.32,0.17,0.16
6.93,0.51,0.32,0.17,0.16
7.01,0.41,0.31,0.16,0.16
7.10,0.49,0.31,0.16,0.16
7.19,0.46,0.31,0.18,0.16
7.28,0.43,0.29,0.17,0.16
7.36,0.37,0.29,0.17,0.16
7.45,0.37,0.27,0.18,0.16
7.54,0.35,0.25,0.18,0.16
7.63,0.32,0.24,0.19,0.17
7.71,0.27,0.23,0.21,0.17
7.80,0.26,0.22,0.22,0.17
7.89,0.27,0.22,0.24,0.17
7.98,0.20,0.21,0.25,0.17
8.06,0.23,0.20,0.26,0.17
8.15,0.22,0.20,0.30,0.18
8.24,0.24,0.20,0.33,0.18
8.33,0.21,0.20,0.37,0.19
8.41,0.22,0.19,0.39,0.20
8.50,0.14,0.19,0.45,0.20
8.59,0.03,0.19,0.50,0.21
8.68,0.21,0.19,0.56,0.22
8.76,0.21,0.18,0.59,0.22
8.85,0.21,0.18,0.64,0.23
8.94,0.21,0.18,0.69,0.24
9.03,0.21,0.18,0.71,0.24
9.11,0.21,0.17,0.75,0.25
9.20,0.20,0.17,0.79,0.26
9.29,0.22,0.17,0.80,0.27
9.38,0.22,0.17,0.80,0.29
9.46,0.21,0.16,0.82,0.30
9.55,0.22,0.17,0.78,0.32
9.64,0.21,0.16,0.77,0.33
9.73,0.22,0.16,0.73,0.33
9.81,0.22,0.16,0.71,0.33
9.90,0.21,0.16,0.69,0.33
9.99,0.20,0.16,0.69,0.33
10.08,0.22,0.16,0.64,0.33
10.16,0.22,0.16,0.60,0.33
10.25,0.22,0.16,0.58,0.34
10.34,0.22,0.16,0.54,0.34
10.43,0.21,0.16,0.58,0.35
10.51,0.21,0.16,0.55,0.35
10.60,0.20,0.16,0.52,0.36
10.69,0.22,0.16,0.48,0.37
10.78,0.22,0.17,0.50,0.39
10.86,0.24,0.17,0.49,0.40
10.95,0.22,0.17,0.47,0.40
11.04,0.20,0.17,0.47,0.43
11.13,0.22,0.17,0.44,0.43
11.21,0.24,0.17,0.43,0.45
11.30,0.24,0.17,0.42,0.49
11.39,0.24,0.17,0.40,0.50
11.48,0.22,0.17,0.40,0.50
11.56,0.21,0.17,0.40,0.54
11.65,0.24,0.18,0.36,0.54
11.74,0.24,0.17,0.35,0.58
11.83,0.24,0.18,0.34,0.61
11.91,0.26,0.18,0.33,0.61
12.00,0.27,0.18,0.34,0.63
12.09,0.28,0.19,0.32,0.66
12.18,0.26,0.19,0.32,0.71
12.26,0.26,0.19,0.32,0.69
12.35,0.28,0.19,0.30,0.73
12.44,0.27,0.19,0.29,0.74
12.53,0.29,0.19,0.29,0.75
12.61,0.26,0.19,0.30,0.76
12.70,0.30,0.20,0.30,0.80
12.79,0.29,0.20,0.30,0.82
12.88,0.28,0.19,0.28,0.81
12.96,0.30,0.20,0.29,0.83
13.05,0.30,0.20,0.29,0.84
13.14,0.31,0.20,0.28,0.82
13.23,0.30,0.20,0.30,0.83
13.31,0.32,0.20,0.28,0.83
13.40,0.30,0.20,0.28,0.82
13.49,0.31,0.20,0.29,0.83
13.58,0.32,0.20,0.28,0.82
13.66,0.30,0.20,0.27,0.82
13.75,0.30,0.19,0.28,0.81
13.84,0.31,0.20,0.28,0.81
13.93,0.31,0.20,0.28,0.80
14.01,0.31,0.20,0.28,0.80
14.10,0.30,0.20,0.27,0.79
14.19,0.30,0.20,0.27,0.79
14.28,0.31,0.20,0.29,0.79
14.36,0.30,0.19,0.27,0.78
14.45,0.30,0.19,0.28,0.78
14.54,0.28,0.19,0.28,0.77
14.63,0.32,0.19,0.28,0.76
14.71,0.27,0.19,0.28,0.76
14.80,0.29,0.19,0.28,0.76
14.89,0.29,0.19,0.27,0.76
14.98,0.28,0.19,0.27,0.76
15.06,0.28,0.19,0.27,0.75
15.15,0.27,0.19,0.27,0.74
15.24,0.27,0.19,0.27,0.73
15.33,0.27,0.19,0.27,0.73
15.41,0.27,0.19,0.28,0.73
15.50,0.28,0.19,0.27,0.74
15.59,0.27,0.19,0.27,0.72
15.68,0.27,0.19,0.27,0.72
15.76,0.27,0.19,0.27,0.73
15.85,0.28,0.19,0.27,0.73
15.94,0.28,0.19,0.27,0.72
16.03,0.28,0.19,0.27,0.73
16.11,0.26,0.19,0.27,0.69
16.20,0.27,0.19,0.27,0.70
16.29,0.27,0.19,0.28,0.70
16.38,0.26,0.19,0.27,0.69
16.46,0.26,0.19,0.28,0.68
16.55,0.27,0.19,0.27,0.68
16.64,0.27,0.19,0.27,0.68
16.73,0.25,0.18,0.27,0.67
16.81,0.27,0.18,0.27,0.65
16.90,0.26,0.19,0.27,0.67
16.99,0.26,0.19,0.27,0.66
17.08,0.26,0.18,0.27,0.64
17.16,0.25,0.18,0.27,0.64
17.25,0.26,0.18,0.27,0.64
17.34,0.25,0.18,0.27,0.64
17.43,0.30,0.18,0.27,0.64
17.51,0.30,0.18,0.27,0.63
